0.000000, 10.000000, 10.000000
0.100000, 11.227254, 11.160000
0.200000, 12.598580, 12.449382
0.300000, 14.129207, 13.881313
0.400000, 15.835548, 15.469994
0.500000, 17.735174, 17.230665
0.600000, 19.846763, 19.179586
0.700000, 22.189997, 21.333994
0.800000, 24.785413, 23.712018
0.900000, 27.654178, 26.332556
1.000000, 30.817805, 29.215101
1.100000, 34.297772, 32.379504
1.200000, 38.115058, 35.845672
1.300000, 42.289580, 39.633188
1.400000, 46.839539, 43.760855
1.500000, 51.780670, 48.246152
1.600000, 57.125427, 53.104614
1.700000, 62.882106, 58.349128
1.800000, 69.053962, 63.989175
1.900000, 75.638350, 70.030030
2.000000, 82.625949, 76.471951
2.100000, 90.000128, 83.309402
2.200000, 97.736526, 90.530347
2.300000, 105.802891, 98.115692
2.400000, 114.159242, 106.038899
2.500000, 122.758382, 114.265868
2.600000, 131.546760, 122.755096
2.700000, 140.465684, 131.458183
2.800000, 149.452815, 140.320663
2.900000, 158.443877, 149.283187
3.000000, 167.374479, 158.282982
3.100000, 176.181954, 167.255538
3.200000, 184.807079, 176.136437
3.300000, 193.195610, 184.863192
3.400000, 201.299522, 193.377015
3.500000, 209.077923, 201.624389
3.600000, 216.497605, 209.558358
3.700000, 223.533250, 217.139478
3.800000, 230.167306, 224.336395
3.900000, 236.389593, 231.126035
4.000000, 242.196692, 237.493461
4.100000, 247.591186, 243.431419
4.200000, 252.580807, 248.939647
4.300000, 257.177549, 254.024026
4.400000, 261.396793, 258.695626
4.500000, 265.256481, 262.969731
4.600000, 268.776360, 266.864867
4.700000, 271.977312, 270.401908
4.800000, 274.880780, 273.603260
4.900000, 277.508293, 276.492154
5.000000, 279.881081, 279.092048
5.100000, 282.019767, 281.426145
5.200000, 283.944148, 283.517012
5.300000, 285.673031, 285.386295
5.400000, 287.224125, 287.054516
5.500000, 288.613984, 288.540940
5.600000, 289.857983, 289.863503
5.700000, 290.970319, 291.038783
5.800000, 291.964040, 292.082008
5.900000, 292.851089, 293.007089
6.000000, 293.642353, 293.826678
6.100000, 294.347728, 294.552233
6.200000, 294.976181, 295.194093
6.300000, 295.535819, 295.761564
6.400000, 296.033953, 296.262990
6.500000, 296.477165, 296.705845
6.600000, 296.871371, 297.096803
6.700000, 297.221879, 297.441815
6.800000, 297.533445, 297.746180
6.900000, 297.810326, 298.014606
7.000000, 298.056329, 298.251277
7.100000, 298.274855, 298.459900
7.200000, 298.468938, 298.643764
7.300000, 298.641286, 298.805776
7.400000, 298.794311, 298.948513
7.500000, 298.930164, 299.074249
7.600000, 299.050757, 299.184996
7.700000, 299.157796, 299.282531
7.800000, 299.252795, 299.368421
7.900000, 299.337102, 299.444051
8.000000, 299.411915, 299.510641
8.100000, 299.478300, 299.569269
8.200000, 299.537202, 299.620882
8.300000, 299.589464, 299.666319
8.400000, 299.635831, 299.706316
8.500000, 299.676966, 299.741524
8.600000, 299.713460, 299.772514
8.700000, 299.745834, 299.799792
8.800000, 299.774554, 299.823801
8.900000, 299.800030, 299.844932
9.000000, 299.822629, 299.863531
9.100000, 299.842676, 299.879900
9.200000, 299.860458, 299.894306
9.300000, 299.876231, 299.906985
9.400000, 299.890221, 299.918143
9.500000, 299.902631, 299.927963
9.600000, 299.913638, 299.936606
9.700000, 299.923401, 299.944211
9.800000, 299.932061, 299.950905
9.900000, 299.939742, 299.956795
10.000000, 299.946555, 299.961979
10.100000, 299.952597, 299.966541
10.200000, 299.957957, 299.970556
10.300000, 299.962711, 299.974089
10.400000, 299.966927, 299.977198
10.500000, 299.970666, 299.979934
10.600000, 299.973983, 299.982342
10.700000, 299.976925, 299.984460
10.800000, 299.979534, 299.986325
10.900000, 299.981848, 299.987966
11.000000, 299.983901, 299.989410
11.100000, 299.985721, 299.990681
11.200000, 299.987336, 299.991799
11.300000, 299.988768, 299.992783
11.400000, 299.990038, 299.993649
11.500000, 299.991164, 299.994411
11.600000, 299.992163, 299.995082
11.700000, 299.993050, 299.995672
11.800000, 299.993835, 299.996191
11.900000, 299.994533, 299.996648
12.000000, 299.995151, 299.997051
12.100000, 299.995699, 299.997405
12.200000, 299.996185, 299.997716
12.300000, 299.996617, 299.997990
12.400000, 299.996999, 299.998231
12.500000, 299.997339, 299.998443
12.600000, 299.997640, 299.998630
12.700000, 299.997907, 299.998795
12.800000, 299.998143, 299.998939
12.900000, 299.998353, 299.999067
13.000000, 299.998539, 299.999179
13.100000, 299.998705, 299.999277
13.200000, 299.998851, 299.999364
13.300000, 299.998981, 299.999440
13.400000, 299.999096, 299.999507
13.500000, 299.999198, 299.999567
13.600000, 299.999289, 299.999619
13.700000, 299.999369, 299.999664
13.800000, 299.999441, 299.999705
13.900000, 299.999504, 299.999740
14.000000, 299.999560, 299.999771
14.100000, 299.999610, 299.999799
14.200000, 299.999654, 299.999823
14.300000, 299.999693, 299.999844
14.400000, 299.999728, 299.999863
14.500000, 299.999759, 299.999879
14.600000, 299.999786, 299.999894
14.700000, 299.999810, 299.999907
14.800000, 299.999832, 299.999918
14.900000, 299.999851, 299.999928
15.000000, 299.999867, 299.999936
15.100000, 299.999882, 299.999944
15.200000, 299.999896, 299.999951
15.300000, 299.999908, 299.999957
15.400000, 299.999918, 299.999962
15.500000, 299.999927, 299.999966
15.600000, 299.999936, 299.999970
15.700000, 299.999943, 299.999974
15.800000, 299.999949, 299.999977
15.900000, 299.999955, 299.999980
16.000000, 299.999960, 299.999982
16.100000, 299.999965, 299.999984
16.200000, 299.999969, 299.999986
16.300000, 299.999972, 299.999988
16.400000, 299.999975, 299.999989
16.500000, 299.999978, 299.999991
16.600000, 299.999981, 299.999992
16.700000, 299.999983, 299.999993
16.800000, 299.999985, 299.999994
16.900000, 299.999986, 299.999994
17.000000, 299.999988, 299.999995
17.100000, 299.999989, 299.999996
17.200000, 299.999991, 299.999996
17.300000, 299.999992, 299.999997
17.400000, 299.999993, 299.999997
17.500000, 299.999993, 299.999997
17.600000, 299.999994, 299.999998
17.700000, 299.999995, 299.999998
17.800000, 299.999995, 299.999998
17.900000, 299.999996, 299.999998
18.000000, 299.999996, 299.999999
18.100000, 299.999997, 299.999999
18.200000, 299.999997, 299.999999
18.300000, 299.999997, 299.999999
18.400000, 299.999998, 299.999999
18.500000, 299.999998, 299.999999
18.600000, 299.999998, 299.999999
18.700000, 299.999998, 299.999999
18.800000, 299.999999, 300.000000
18.900000, 299.999999, 300.000000
19.000000, 299.999999, 300.000000
19.100000, 299.999999, 300.000000
19.200000, 299.999999, 300.000000
19.300000, 299.999999, 300.000000
19.400000, 299.999999, 300.000000
19.500000, 299.999999, 300.000000
19.600000, 299.999999, 300.000000
19.700000, 300.000000, 300.000000
19.800000, 300.000000, 300.000000
19.900000, 300.000000, 300.000000
20.000000, 300.000000, 300.000000
20.100000, 300.000000, 300.000000
20.200000, 300.000000, 300.000000
20.300000, 300.000000, 300.000000
20.400000, 300.000000, 300.000000
20.500000, 300.000000, 300.000000
20.600000, 300.000000, 300.000000
20.700000, 300.000000, 300.000000
20.800000, 300.000000, 300.000000
20.900000, 300.000000, 300.000000
21.000000, 300.000000, 300.000000
21.100000, 300.000000, 300.000000
21.200000, 300.000000, 300.000000
21.300000, 300.000000, 300.000000
21.400000, 300.000000, 300.000000
21.500000, 300.000000, 300.000000
21.600000, 300.000000, 300.000000
21.700000, 300.000000, 300.000000
21.800000, 300.000000, 300.000000
21.900000, 300.000000, 300.000000
22.000000, 300.000000, 300.000000
22.100000, 300.000000, 300.000000
22.200000, 300.000000, 300.000000
22.300000, 300.000000, 300.000000
22.400000, 300.000000, 300.000000
22.500000, 300.000000, 300.000000
22.600000, 300.000000, 300.000000
22.700000, 300.000000, 300.000000
22.800000, 300.000000, 300.000000
22.900000, 300.000000, 300.000000
23.000000, 300.000000, 300.000000
23.100000, 300.000000, 300.000000
23.200000, 300.000000, 300.000000
23.300000, 300.000000, 300.000000
23.400000, 300.000000, 300.000000
23.500000, 300.000000, 300.000000
23.600000, 300.000000, 300.000000
23.700000, 300.000000, 300.000000
23.800000, 300.000000, 300.000000
23.900000, 300.000000, 300.000000
24.000000, 300.000000, 300.000000
24.100000, 300.000000, 300.000000
24.200000, 300.000000, 300.000000
24.300000, 300.000000, 300.000000
24.400000, 300.000000, 300.000000
24.500000, 300.000000, 300.000000
24.600000, 300.000000, 300.000000
24.700000, 300.000000, 300.000000
24.800000, 300.000000, 300.000000
24.900000, 300.000000, 300.000000
25.000000, 300.000000, 300.000000
25.100000, 300.000000, 300.000000
25.200000, 300.000000, 300.000000
25.300000, 300.000000, 300.000000
25.400000, 300.000000, 300.000000
25.500000, 300.000000, 300.000000
25.600000, 300.000000, 300.000000
25.700000, 300.000000, 300.000000
25.800000, 300.000000, 300.000000
25.900000, 300.000000, 300.000000
26.000000, 300.000000, 300.000000
26.100000, 300.000000, 300.000000
26.200000, 300.000000, 300.000000
26.300000, 300.000000, 300.000000
26.400000, 300.000000, 300.000000
26.500000, 300.000000, 300.000000
26.600000, 300.000000, 300.000000
26.700000, 300.000000, 300.000000
26.800000, 300.000000, 300.000000
26.900000, 300.000000, 300.000000
27.000000, 300.000000, 300.000000
27.100000, 300.000000, 300.000000
27.200000, 300.000000, 300.000000
27.300000, 300.000000, 300.000000
27.400000, 300.000000, 300.000000
27.500000, 300.000000, 300.000000
27.600000, 300.000000, 300.000000
27.700000, 300.000000, 300.000000
27.800000, 300.000000, 300.000000
27.900000, 300.000000, 300.000000
28.000000, 300.000000, 300.000000
28.100000, 300.000000, 300.000000
28.200000, 300.000000, 300.000000
28.300000, 300.000000, 300.000000
28.400000, 300.000000, 300.000000
28.500000, 300.000000, 300.000000
28.600000, 300.000000, 300.000000
28.700000, 300.000000, 300.000000
28.800000, 300.000000, 300.000000
28.900000, 300.000000, 300.000000
29.000000, 300.000000, 300.000000
29.100000, 300.000000, 300.000000
29.200000, 300.000000, 300.000000
29.300000, 300.000000, 300.000000
29.400000, 300.000000, 300.000000
29.500000, 300.000000, 300.000000
29.600000, 300.000000, 300.000000
29.700000, 300.000000, 300.000000
29.800000, 300.000000, 300.000000
29.900000, 300.000000, 300.000000
30.000000, 300.000000, 300.000000
30.100000, 300.000000, 300.000000
30.200000, 300.000000, 300.000000
30.300000, 300.000000, 300.000000
30.400000, 300.000000, 300.000000
30.500000, 300.000000, 300.000000
30.600000, 300.000000, 300.000000
30.700000, 300.000000, 300.000000
30.800000, 300.000000, 300.000000
30.900000, 300.000000, 300.000000
31.000000, 300.000000, 300.000000
31.100000, 300.000000, 300.000000
31.200000, 300.000000, 300.000000
31.300000, 300.000000, 300.000000
31.400000, 300.000000, 300.000000
31.500000, 300.000000, 300.000000
31.600000, 300.000000, 300.000000
31.700000, 300.000000, 300.000000
31.800000, 300.000000, 300.000000
31.900000, 300.000000, 300.000000
32.000000, 300.000000, 300.000000
32.100000, 300.000000, 300.000000
32.200000, 300.000000, 300.000000
32.300000, 300.000000, 300.000000
32.400000, 300.000000, 300.000000
32.500000, 300.000000, 300.000000
32.600000, 300.000000, 300.000000
32.700000, 300.000000, 300.000000
32.800000, 300.000000, 300.000000
32.900000, 300.000000, 300.000000
33.000000, 300.000000, 300.000000
33.100000, 300.000000, 300.000000
33.200000, 300.000000, 300.000000
33.300000, 300.000000, 300.000000
33.400000, 300.000000, 300.000000
33.500000, 300.000000, 300.000000
33.600000, 300.000000, 300.000000
33.700000, 300.000000, 300.000000
33.800000, 300.000000, 300.000000
33.900000, 300.000000, 300.000000
34.000000, 300.000000, 300.000000
34.100000, 300.000000, 300.000000
34.200000, 300.000000, 300.000000
34.300000, 300.000000, 300.000000
34.400000, 300.000000, 300.000000
34.500000, 300.000000, 300.000000
34.600000, 300.000000, 300.000000
34.700000, 300.000000, 300.000000
34.800000, 300.000000, 300.000000
34.900000, 300.000000, 300.000000
35.000000, 300.000000, 300.000000
35.100000, 300.000000, 300.000000
35.200000, 300.000000, 300.000000
35.300000, 300.000000, 300.000000
35.400000, 300.000000, 300.000000
35.500000, 300.000000, 300.000000
35.600000, 300.000000, 300.000000
35.700000, 300.000000, 300.000000
35.800000, 300.000000, 300.000000
35.900000, 300.000000, 300.000000
36.000000, 300.000000, 300.000000
36.100000, 300.000000, 300.000000
36.200000, 300.000000, 300.000000
36.300000, 300.000000, 300.000000
36.400000, 300.000000, 300.000000
36.500000, 300.000000, 300.000000
36.600000, 300.000000, 300.000000
36.700000, 300.000000, 300.000000
36.800000, 300.000000, 300.000000
36.900000, 300.000000, 300.000000
37.000000, 300.000000, 300.000000
37.100000, 300.000000, 300.000000
37.200000, 300.000000, 300.000000
37.300000, 300.000000, 300.000000
37.400000, 300.000000, 300.000000
37.500000, 300.000000, 300.000000
37.600000, 300.000000, 300.000000
37.700000, 300.000000, 300.000000
37.800000, 300.000000, 300.000000
37.900000, 300.000000, 300.000000
38.000000, 300.000000, 300.000000
38.100000, 300.000000, 300.000000
38.200000, 300.000000, 300.000000
38.300000, 300.000000, 300.000000
38.400000, 300.000000, 300.000000
38.500000, 300.000000, 300.000000
38.600000, 300.000000, 300.000000
38.700000, 300.000000, 300.000000
38.800000, 300.000000, 300.000000
38.900000, 300.000000, 300.000000
39.000000, 300.000000, 300.000000
39.100000, 300.000000, 300.000000
39.200000, 300.000000, 300.000000
39.300000, 300.000000, 300.000000
39.400000, 300.000000, 300.000000
39.500000, 300.000000, 300.000000
39.600000, 300.000000, 300.000000
39.700000, 300.000000, 300.000000
39.800000, 300.000000, 300.000000
39.900000, 300.000000, 300.000000
40.000000, 300.000000, 300.000000
40.100000, 300.000000, 300.000000
40.200000, 300.000000, 300.000000
40.300000, 300.000000, 300.000000
40.400000, 300.000000, 300.000000
40.500000, 300.000000, 300.000000
40.600000, 300.000000, 300.000000
40.700000, 300.000000, 300.000000
40.800000, 300.000000, 300.000000
40.900000, 300.000000, 300.000000
41.000000, 300.000000, 300.000000
41.100000, 300.000000, 300.000000
41.200000, 300.000000, 300.000000
41.300000, 300.000000, 300.000000
41.400000, 300.000000, 300.000000
41.500000, 300.000000, 300.000000
41.600000, 300.000000, 300.000000
41.700000, 300.000000, 300.000000
41.800000, 300.000000, 300.000000
41.900000, 300.000000, 300.000000
42.000000, 300.000000, 300.000000
42.100000, 300.000000, 300.000000
42.200000, 300.000000, 300.000000
42.300000, 300.000000, 300.000000
42.400000, 300.000000, 300.000000
42.500000, 300.000000, 300.000000
42.600000, 300.000000, 300.000000
42.700000, 300.000000, 300.000000
42.800000, 300.000000, 300.000000
42.900000, 300.000000, 300.000000
43.000000, 300.000000, 300.000000
43.100000, 300.000000, 300.000000
43.200000, 300.000000, 300.000000
43.300000, 300.000000, 300.000000
43.400000, 300.000000, 300.000000
43.500000, 300.000000, 300.000000
43.600000, 300.000000, 300.000000
43.700000, 300.000000, 300.000000
43.800000, 300.000000, 300.000000
43.900000, 300.000000, 300.000000
44.000000, 300.000000, 300.000000
44.100000, 300.000000, 300.000000
44.200000, 300.000000, 300.000000
44.300000, 300.000000, 300.000000
44.400000, 300.000000, 300.000000
44.500000, 300.000000, 300.000000
44.600000, 300.000000, 300.000000
44.700000, 300.000000, 300.000000
44.800000, 300.000000, 300.000000
44.900000, 300.000000, 300.000000
45.000000, 300.000000, 300.000000
45.100000, 300.000000, 300.000000
45.200000, 300.000000, 300.000000
45.300000, 300.000000, 300.000000
45.400000, 300.000000, 300.000000
45.500000, 300.000000, 300.000000
45.600000, 300.000000, 300.000000
45.700000, 300.000000, 300.000000
45.800000, 300.000000, 300.000000
45.900000, 300.000000, 300.000000
46.000000, 300.000000, 300.000000
46.100000, 300.000000, 300.000000
46.200000, 300.000000, 300.000000
46.300000, 300.000000, 300.000000
46.400000, 300.000000, 300.000000
46.500000, 300.000000, 300.000000
46.600000, 300.000000, 300.000000
46.700000, 300.000000, 300.000000
46.800000, 300.000000, 300.000000
46.900000, 300.000000, 300.000000
47.000000, 300.000000, 300.000000
47.100000, 300.000000, 300.000000
47.200000, 300.000000, 300.000000
47.300000, 300.000000, 300.000000
47.400000, 300.000000, 300.000000
47.500000, 300.000000, 300.000000
47.600000, 300.000000, 300.000000
47.700000, 300.000000, 300.000000
47.800000, 300.000000, 300.000000
47.900000, 300.000000, 300.000000
48.000000, 300.000000, 300.000000
48.100000, 300.000000, 300.000000
48.200000, 300.000000, 300.000000
48.300000, 300.000000, 300.000000
48.400000, 300.000000, 300.000000
48.500000, 300.000000, 300.000000
48.600000, 300.000000, 300.000000
48.700000, 300.000000, 300.000000
48.800000, 300.000000, 300.000000
48.900000, 300.000000, 300.000000
49.000000, 300.000000, 300.000000
49.100000, 300.000000, 300.000000
49.200000, 300.000000, 300.000000
49.300000, 300.000000, 300.000000
49.400000, 300.000000, 300.000000
49.500000, 300.000000, 300.000000
49.600000, 300.000000, 300.000000
49.700000, 300.000000, 300.000000
49.800000, 300.000000, 300.000000
49.900000, 300.000000, 300.000000
50.000000, 300.000000, 300.000000
50.100000, 300.000000, 300.000000
50.200000, 300.000000, 300.000000
50.300000, 300.000000, 300.000000
50.400000, 300.000000, 300.000000
50.500000, 300.000000, 300.000000
50.600000, 300.000000, 300.000000
50.700000, 300.000000, 300.000000
50.800000, 300.000000, 300.000000
50.900000, 300.000000, 300.000000
51.000000, 300.000000, 300.000000
51.100000, 300.000000, 300.000000
51.200000, 300.000000, 300.000000
51.300000, 300.000000, 300.000000
51.400000, 300.000000, 300.000000
51.500000, 300.000000, 300.000000
51.600000, 300.000000, 300.000000
51.700000, 300.000000, 300.000000
51.800000, 300.000000, 300.000000
51.900000, 300.000000, 300.000000
52.000000, 300.000000, 300.000000
52.100000, 300.000000, 300.000000
52.200000, 300.000000, 300.000000
52.300000, 300.000000, 300.000000
52.400000, 300.000000, 300.000000
52.500000, 300.000000, 300.000000
52.600000, 300.000000, 300.000000
52.700000, 300.000000, 300.000000
52.800000, 300.000000, 300.000000
52.900000, 300.000000, 300.000000
53.000000, 300.000000, 300.000000
53.100000, 300.000000, 300.000000
53.200000, 300.000000, 300.000000
53.300000, 300.000000, 300.000000
53.400000, 300.000000, 300.000000
53.500000, 300.000000, 300.000000
53.600000, 300.000000, 300.000000
53.700000, 300.000000, 300.000000
53.800000, 300.000000, 300.000000
53.900000, 300.000000, 300.000000
54.000000, 300.000000, 300.000000
54.100000, 300.000000, 300.000000
54.200000, 300.000000, 300.000000
54.300000, 300.000000, 300.000000
54.400000, 300.000000, 300.000000
54.500000, 300.000000, 300.000000
54.600000, 300.000000, 300.000000
54.700000, 300.000000, 300.000000
54.800000, 300.000000, 300.000000
54.900000, 300.000000, 300.000000
55.000000, 300.000000, 300.000000
55.100000, 300.000000, 300.000000
55.200000, 300.000000, 300.000000
55.300000, 300.000000, 300.000000
55.400000, 300.000000, 300.000000
55.500000, 300.000000, 300.000000
55.600000, 300.000000, 300.000000
55.700000, 300.000000, 300.000000
55.800000, 300.000000, 300.000000
55.900000, 300.000000, 300.000000
56.000000, 300.000000, 300.000000
56.100000, 300.000000, 300.000000
56.200000, 300.000000, 300.000000
56.300000, 300.000000, 300.000000
56.400000, 300.000000, 300.000000
56.500000, 300.000000, 300.000000
56.600000, 300.000000, 300.000000
56.700000, 300.000000, 300.000000
56.800000, 300.000000, 300.000000
56.900000, 300.000000, 300.000000
57.000000, 300.000000, 300.000000
57.100000, 300.000000, 300.000000
57.200000, 300.000000, 300.000000
57.300000, 300.000000, 300.000000
57.400000, 300.000000, 300.000000
57.500000, 300.000000, 300.000000
57.600000, 300.000000, 300.000000
57.700000, 300.000000, 300.000000
57.800000, 300.000000, 300.000000
57.900000, 300.000000, 300.000000
58.000000, 300.000000, 300.000000
58.100000, 300.000000, 300.000000
58.200000, 300.000000, 300.000000
58.300000, 300.000000, 300.000000
58.400000, 300.000000, 300.000000
58.500000, 300.000000, 300.000000
58.600000, 300.000000, 300.000000
58.700000, 300.000000, 300.000000
58.800000, 300.000000, 300.000000
58.900000, 300.000000, 300.000000
59.000000, 300.000000, 300.000000
59.100000, 300.000000, 300.000000
59.200000, 300.000000, 300.000000
59.300000, 300.000000, 300.000000
59.400000, 300.000000, 300.000000
59.500000, 300.000000, 300.000000
59.600000, 300.000000, 300.000000
59.700000, 300.000000, 300.000000
59.800000, 300.000000, 300.000000
59.900000, 300.000000, 300.000000
60.000000, 300.000000, 300.000000
60.100000, 300.000000, 300.000000
60.200000, 300.000000, 300.000000
60.300000, 300.000000, 300.000000
60.400000, 300.000000, 300.000000
60.500000, 300.000000, 300.000000
60.600000, 300.000000, 300.000000
60.700000, 300.000000, 300.000000
60.800000, 300.000000, 300.000000
60.900000, 300.000000, 300.000000
61.000000, 300.000000, 300.000000
61.100000, 300.000000, 300.000000
61.200000, 300.000000, 300.000000
61.300000, 300.000000, 300.000000
61.400000, 300.000000, 300.000000
61.500000, 300.000000, 300.000000
61.600000, 300.000000, 300.000000
61.700000, 300.000000, 300.000000
61.800000, 300.000000, 300.000000
61.900000, 300.000000, 300.000000
62.000000, 300.000000, 300.000000
62.100000, 300.000000, 300.000000
62.200000, 300.000000, 300.000000
62.300000, 300.000000, 300.000000
62.400000, 300.000000, 300.000000
62.500000, 300.000000, 300.000000
62.600000, 300.000000, 300.000000
62.700000, 300.000000, 300.000000
62.800000, 300.000000, 300.000000
62.900000, 300.000000, 300.000000
63.000000, 300.000000, 300.000000
63.100000, 300.000000, 300.000000
63.200000, 300.000000, 300.000000
63.300000, 300.000000, 300.000000
63.400000, 300.000000, 300.000000
63.500000, 300.000000, 300.000000
63.600000, 300.000000, 300.000000
63.700000, 300.000000, 300.000000
63.800000, 300.000000, 300.000000
63.900000, 300.000000, 300.000000
64.000000, 300.000000, 300.000000
64.100000, 300.000000, 300.000000
64.200000, 300.000000, 300.000000
64.300000, 300.000000, 300.000000
64.400000, 300.000000, 300.000000
64.500000, 300.000000, 300.000000
64.600000, 300.000000, 300.000000
64.700000, 300.000000, 300.000000
64.800000, 300.000000, 300.000000
64.900000, 300.000000, 300.000000
65.000000, 300.000000, 300.000000
65.100000, 300.000000, 300.000000
65.200000, 300.000000, 300.000000
65.300000, 300.000000, 300.000000
65.400000, 300.000000, 300.000000
65.500000, 300.000000, 300.000000
65.600000, 300.000000, 300.000000
65.700000, 300.000000, 300.000000
65.800000, 300.000000, 300.000000
65.900000, 300.000000, 300.000000
66.000000, 300.000000, 300.000000
66.100000, 300.000000, 300.000000
66.200000, 300.000000, 300.000000
66.300000, 300.000000, 300.000000
66.400000, 300.000000, 300.000000
66.500000, 300.000000, 300.000000
66.600000, 300.000000, 300.000000
66.700000, 300.000000, 300.000000
66.800000, 300.000000, 300.000000
66.900000, 300.000000, 300.000000
67.000000, 300.000000, 300.000000
67.100000, 300.000000, 300.000000
67.200000, 300.000000, 300.000000
67.300000, 300.000000, 300.000000
67.400000, 300.000000, 300.000000
67.500000, 300.000000, 300.000000
67.600000, 300.000000, 300.000000
67.700000, 300.000000, 300.000000
67.800000, 300.000000, 300.000000
67.900000, 300.000000, 300.000000
68.000000, 300.000000, 300.000000
68.100000, 300.000000, 300.000000
68.200000, 300.000000, 300.000000
68.300000, 300.000000, 300.000000
68.400000, 300.000000, 300.000000
68.500000, 300.000000, 300.000000
68.600000, 300.000000, 300.000000
68.700000, 300.000000, 300.000000
68.800000, 300.000000, 300.000000
68.900000, 300.000000, 300.000000
69.000000, 300.000000, 300.000000
69.100000, 300.000000, 300.000000
69.200000, 300.000000, 300.000000
69.300000, 300.000000, 300.000000
69.400000, 300.000000, 300.000000
69.500000, 300.000000, 300.000000
69.600000, 300.000000, 300.000000
69.700000, 300.000000, 300.000000
69.800000, 300.000000, 300.000000
69.900000, 300.000000, 300.000000
70.000000, 300.000000, 300.000000
70.100000, 300.000000, 300.000000
70.200000, 300.000000, 300.000000
70.300000, 300.000000, 300.000000
70.400000, 300.000000, 300.000000
70.500000, 300.000000, 300.000000
70.600000, 300.000000, 300.000000
70.700000, 300.000000, 300.000000
70.800000, 300.000000, 300.000000
70.900000, 300.000000, 300.000000
71.000000, 300.000000, 300.000000
71.100000, 300.000000, 300.000000
71.200000, 300.000000, 300.000000
71.300000, 300.000000, 300.000000
71.400000, 300.000000, 300.000000
71.500000, 300.000000, 300.000000
71.600000, 300.000000, 300.000000
71.700000, 300.000000, 300.000000
71.800000, 300.000000, 300.000000
71.900000, 300.000000, 300.000000
72.000000, 300.000000, 300.000000
72.100000, 300.000000, 300.000000
72.200000, 300.000000, 300.000000
72.300000, 300.000000, 300.000000
72.400000, 300.000000, 300.000000
72.500000, 300.000000, 300.000000
72.600000, 300.000000, 300.000000
72.700000, 300.000000, 300.000000
72.800000, 300.000000, 300.000000
72.900000, 300.000000, 300.000000
73.000000, 300.000000, 300.000000
73.100000, 300.000000, 300.000000
73.200000, 300.000000, 300.000000
73.300000, 300.000000, 300.000000
73.400000, 300.000000, 300.000000
73.500000, 300.000000, 300.000000
73.600000, 300.000000, 300.000000
73.700000, 300.000000, 300.000000
73.800000, 300.000000, 300.000000
73.900000, 300.000000, 300.000000
74.000000, 300.000000, 300.000000
74.100000, 300.000000, 300.000000
74.200000, 300.000000, 300.000000
74.300000, 300.000000, 300.000000
74.400000, 300.000000, 300.000000
74.500000, 300.000000, 300.000000
74.600000, 300.000000, 300.000000
74.700000, 300.000000, 300.000000
74.800000, 300.000000, 300.000000
74.900000, 300.000000, 300.000000
75.000000, 300.000000, 300.000000
75.100000, 300.000000, 300.000000
75.200000, 300.000000, 300.000000
75.300000, 300.000000, 300.000000
75.400000, 300.000000, 300.000000
75.500000, 300.000000, 300.000000
75.600000, 300.000000, 300.000000
75.700000, 300.000000, 300.000000
75.800000, 300.000000, 300.000000
75.900000, 300.000000, 300.000000
76.000000, 300.000000, 300.000000
76.100000, 300.000000, 300.000000
76.200000, 300.000000, 300.000000
76.300000, 300.000000, 300.000000
76.400000, 300.000000, 300.000000
76.500000, 300.000000, 300.000000
76.600000, 300.000000, 300.000000
76.700000, 300.000000, 300.000000
76.800000, 300.000000, 300.000000
76.900000, 300.000000, 300.000000
77.000000, 300.000000, 300.000000
77.100000, 300.000000, 300.000000
77.200000, 300.000000, 300.000000
77.300000, 300.000000, 300.000000
77.400000, 300.000000, 300.000000
77.500000, 300.000000, 300.000000
77.600000, 300.000000, 300.000000
77.700000, 300.000000, 300.000000
77.800000, 300.000000, 300.000000
77.900000, 300.000000, 300.000000
78.000000, 300.000000, 300.000000
78.100000, 300.000000, 300.000000
78.200000, 300.000000, 300.000000
78.300000, 300.000000, 300.000000
78.400000, 300.000000, 300.000000
78.500000, 300.000000, 300.000000
78.600000, 300.000000, 300.000000
78.700000, 300.000000, 300.000000
78.800000, 300.000000, 300.000000
78.900000, 300.000000, 300.000000
79.000000, 300.000000, 300.000000
79.100000, 300.000000, 300.000000
79.200000, 300.000000, 300.000000
79.300000, 300.000000, 300.000000
79.400000, 300.000000, 300.000000
79.500000, 300.000000, 300.000000
79.600000, 300.000000, 300.000000
79.700000, 300.000000, 300.000000
79.800000, 300.000000, 300.000000
79.900000, 300.000000, 300.000000
80.000000, 300.000000, 300.000000
80.100000, 300.000000, 300.000000
80.200000, 300.000000, 300.000000
80.300000, 300.000000, 300.000000
80.400000, 300.000000, 300.000000
80.500000, 300.000000, 300.000000
80.600000, 300.000000, 300.000000
80.700000, 300.000000, 300.000000
80.800000, 300.000000, 300.000000
80.900000, 300.000000, 300.000000
81.000000, 300.000000, 300.000000
81.100000, 300.000000, 300.000000
81.200000, 300.000000, 300.000000
81.300000, 300.000000, 300.000000
81.400000, 300.000000, 300.000000
81.500000, 300.000000, 300.000000
81.600000, 300.000000, 300.000000
81.700000, 300.000000, 300.000000
81.800000, 300.000000, 300.000000
81.900000, 300.000000, 300.000000
82.000000, 300.000000, 300.000000
82.100000, 300.000000, 300.000000
82.200000, 300.000000, 300.000000
82.300000, 300.000000, 300.000000
82.400000, 300.000000, 300.000000
82.500000, 300.000000, 300.000000
82.600000, 300.000000, 300.000000
82.700000, 300.000000, 300.000000
82.800000, 300.000000, 300.000000
82.900000, 300.000000, 300.000000
83.000000, 300.000000, 300.000000
83.100000, 300.000000, 300.000000
83.200000, 300.000000, 300.000000
83.300000, 300.000000, 300.000000
83.400000, 300.000000, 300.000000
83.500000, 300.000000, 300.000000
83.600000, 300.000000, 300.000000
83.700000, 300.000000, 300.000000
83.800000, 300.000000, 300.000000
83.900000, 300.000000, 300.000000
84.000000, 300.000000, 300.000000
84.100000, 300.000000, 300.000000
84.200000, 300.000000, 300.000000
84.300000, 300.000000, 300.000000
84.400000, 300.000000, 300.000000
84.500000, 300.000000, 300.000000
84.600000, 300.000000, 300.000000
84.700000, 300.000000, 300.000000
84.800000, 300.000000, 300.000000
84.900000, 300.000000, 300.000000
85.000000, 300.000000, 300.000000
85.100000, 300.000000, 300.000000
85.200000, 300.000000, 300.000000
85.300000, 300.000000, 300.000000
85.400000, 300.000000, 300.000000
85.500000, 300.000000, 300.000000
85.600000, 300.000000, 300.000000
85.700000, 300.000000, 300.000000
85.800000, 300.000000, 300.000000
85.900000, 300.000000, 300.000000
86.000000, 300.000000, 300.000000
86.100000, 300.000000, 300.000000
86.200000, 300.000000, 300.000000
86.300000, 300.000000, 300.000000
86.400000, 300.000000, 300.000000
86.500000, 300.000000, 300.000000
86.600000, 300.000000, 300.000000
86.700000, 300.000000, 300.000000
86.800000, 300.000000, 300.000000
86.900000, 300.000000, 300.000000
87.000000, 300.000000, 300.000000
87.100000, 300.000000, 300.000000
87.200000, 300.000000, 300.000000
87.300000, 300.000000, 300.000000
87.400000, 300.000000, 300.000000
87.500000, 300.000000, 300.000000
87.600000, 300.000000, 300.000000
87.700000, 300.000000, 300.000000
87.800000, 300.000000, 300.000000
87.900000, 300.000000, 300.000000
88.000000, 300.000000, 300.000000
88.100000, 300.000000, 300.000000
88.200000, 300.000000, 300.000000
88.300000, 300.000000, 300.000000
88.400000, 300.000000, 300.000000
88.500000, 300.000000, 300.000000
88.600000, 300.000000, 300.000000
88.700000, 300.000000, 300.000000
88.800000, 300.000000, 300.000000
88.900000, 300.000000, 300.000000
89.000000, 300.000000, 300.000000
89.100000, 300.000000, 300.000000
89.200000, 300.000000, 300.000000
89.300000, 300.000000, 300.000000
89.400000, 300.000000, 300.000000
89.500000, 300.000000, 300.000000
89.600000, 300.000000, 300.000000
89.700000, 300.000000, 300.000000
89.800000, 300.000000, 300.000000
89.900000, 300.000000, 300.000000
90.000000, 300.000000, 300.000000
90.100000, 300.000000, 300.000000
90.200000, 300.000000, 300.000000
90.300000, 300.000000, 300.000000
90.400000, 300.000000, 300.000000
90.500000, 300.000000, 300.000000
90.600000, 300.000000, 300.000000
90.700000, 300.000000, 300.000000
90.800000, 300.000000, 300.000000
90.900000, 300.000000, 300.000000
91.000000, 300.000000, 300.000000
91.100000, 300.000000, 300.000000
91.200000, 300.000000, 300.000000
91.300000, 300.000000, 300.000000
91.400000, 300.000000, 300.000000
91.500000, 300.000000, 300.000000
91.600000, 300.000000, 300.000000
91.700000, 300.000000, 300.000000
91.800000, 300.000000, 300.000000
91.900000, 300.000000, 300.000000
92.000000, 300.000000, 300.000000
92.100000, 300.000000, 300.000000
92.200000, 300.000000, 300.000000
92.300000, 300.000000, 300.000000
92.400000, 300.000000, 300.000000
92.500000, 300.000000, 300.000000
92.600000, 300.000000, 300.000000
92.700000, 300.000000, 300.000000
92.800000, 300.000000, 300.000000
92.900000, 300.000000, 300.000000
93.000000, 300.000000, 300.000000
93.100000, 300.000000, 300.000000
93.200000, 300.000000, 300.000000
93.300000, 300.000000, 300.000000
93.400000, 300.000000, 300.000000
93.500000, 300.000000, 300.000000
93.600000, 300.000000, 300.000000
93.700000, 300.000000, 300.000000
93.800000, 300.000000, 300.000000
93.900000, 300.000000, 300.000000
94.000000, 300.000000, 300.000000
94.100000, 300.000000, 300.000000
94.200000, 300.000000, 300.000000
94.300000, 300.000000, 300.000000
94.400000, 300.000000, 300.000000
94.500000, 300.000000, 300.000000
94.600000, 300.000000, 300.000000
94.700000, 300.000000, 300.000000
94.800000, 300.000000, 300.000000
94.900000, 300.000000, 300.000000
95.000000, 300.000000, 300.000000
95.100000, 300.000000, 300.000000
95.200000, 300.000000, 300.000000
95.300000, 300.000000, 300.000000
95.400000, 300.000000, 300.000000
95.500000, 300.000000, 300.000000
95.600000, 300.000000, 300.000000
95.700000, 300.000000, 300.000000
95.800000, 300.000000, 300.000000
95.900000, 300.000000, 300.000000
96.000000, 300.000000, 300.000000
96.100000, 300.000000, 300.000000
96.200000, 300.000000, 300.000000
96.300000, 300.000000, 300.000000
96.400000, 300.000000, 300.000000
96.500000, 300.000000, 300.000000
96.600000, 300.000000, 300.000000
96.700000, 300.000000, 300.000000
96.800000, 300.000000, 300.000000
96.900000, 300.000000, 300.000000
97.000000, 300.000000, 300.000000
97.100000, 300.000000, 300.000000
97.200000, 300.000000, 300.000000
97.300000, 300.000000, 300.000000
97.400000, 300.000000, 300.000000
97.500000, 300.000000, 300.000000
97.600000, 300.000000, 300.000000
97.700000, 300.000000, 300.000000
97.800000, 300.000000, 300.000000
97.900000, 300.000000, 300.000000
98.000000, 300.000000, 300.000000
98.100000, 300.000000, 300.000000
98.200000, 300.000000, 300.000000
98.300000, 300.000000, 300.000000
98.400000, 300.000000, 300.000000
98.500000, 300.000000, 300.000000
98.600000, 300.000000, 300.000000
98.700000, 300.000000, 300.000000
98.800000, 300.000000, 300.000000
98.900000, 300.000000, 300.000000
99.000000, 300.000000, 300.000000
99.100000, 300.000000, 300.000000
99.200000, 300.000000, 300.000000
99.300000, 300.000000, 300.000000
99.400000, 300.000000, 300.000000
99.500000, 300.000000, 300.000000
99.600000, 300.000000, 300.000000
99.700000, 300.000000, 300.000000
99.800000, 300.000000, 300.000000
99.900000, 300.000000, 300.000000
